1110000000004444444444444444444444444000
0010000044444444222222222222222222004000
0010000440444442222222222222222222004000
0010000401114111112222222222222222004000
0010000222222222222222200000000000004000
0010000244444444444444444444444444444440
0044444211111111111111111111111111114440
0041111241004000000000000000000004014440
0040001241004444444444444444444444414440
0040001244444444444444444444440004014440
0040001244004000000000000000040004014440
0040001211111111111111111110040004014440
0040001214004022222222222212040004014440
0040001214004022444444444414444444014440
0044444214004000400000000012040044014440
0044001214004000400000000012040044014440
0044001214004044444444400012040044014440
0044211214004040400000400012040044014440
0044201214004040400000400012040044014440
0044201214004040400000400012040044014440
0044201214004040400000400012040044014440
0044444214444444444444444414444444014440
0040201211114441400000000012040444014440
3242200211444444444444444414444444414440
3040000200004444444444444414444440010440
3040000200033333433333333313040400010440
3040000222000000400000333313040400010440
3040333132333333433333333313040400010440
3040300102222222222222222222222222220440
3040300100000000400000000010040400040440
3040300144444444444444444414444400040440
3040300100000000000000000010000000040440
3040300100000000000000000010000000040440
3040333111111111111111111114444444440440
3040000000000000000000000000000000000440
3040000000000000000000000000000000000440
3343333333334444444444444444444444444440
0044444444444444444444444444444444444400
0000000000000000000000000000000000000000
0000000000000000000000000000000000000000
